gene_id	g8	g1	log2FC	Pvalue	Qvalue	updown
NC_008596.1:6542006-6542613(-)	2299.29762918336	503.824929984676	2.19019881008731	1.4371387631339e-124	2.27499066204096e-121	UP
NC_008596.1:565789-566957(+)	340.050600430969	150.908178374231	1.17207844524647	3.26252616125701e-11	4.69507173933623e-09	UP
NC_008596.1:6888345-6888690(+)	303.127867613148	144.862871474012	1.06523861243866	0.000171903622573252	0.00591572683768387	UP
NC_008596.1:6932400-6932678(-)	155.887430378664	66.6274239426108	1.22631658437298	0.00226614679046919	0.0465884463547108	UP
