gene_id	g2	g1	log2FC	Pvalue	Qvalue	updown
NC_008596.1:1275224-1275390(-)	3097.05700732461	956.839431225627	1.69454918970534	1.11797075665919e-28	9.83814265860091e-27	UP
NC_008596.1:5367172-5368060(+)	809.279799988833	249.464317570997	1.69780511285857	5.1076903801959e-28	2.2473837672862e-26	UP
NC_008596.1:4030214-4030698(-)	165.790903949146	75.0811358859654	1.14284247446334	0.00200007646620664	0.0251438184323121	UP
NC_008596.1:5688674-5688964(-)	112.937219654998	39.6746619676219	1.50923118357151	0.00290541977359502	0.0319596175095452	UP
