gene_id	g7	g1	log2FC	Pvalue	Qvalue	updown
NC_008596.1:1275224-1275390(-)	333.714282242259	956.839431225627	-1.51966341199411	2.31911698749856e-22	2.04082294899873e-20	DOWN
NC_008596.1:4320844-4321126(-)	340.595139278694	800.351526881868	-1.2325759472852	1.87073747540024e-17	8.23124489176106e-16	DOWN
NC_008596.1:4495477-4495742(+)	163.834869719175	371.066370198827	-1.17943481029535	9.46722242588815e-09	2.77705191159386e-07	DOWN
